451 0.539062 0.250868 0.0286458 0.0407986 
451 0.513021 0.251736 0.0225694 0.0355903 
451 0.487847 0.250868 0.0260417 0.0303819 
451 0.46875 0.250868 0.0130208 0.0286458 
451 0.457465 0.251736 0.0112847 0.0234375 
451 0.453993 0.277778 0.0130208 0.0243056 
451 0.451389 0.303819 0.0130208 0.0277778 
451 0.448785 0.329861 0.0130208 0.0286458 
451 0.446181 0.356771 0.0121528 0.0277778 
451 0.44184 0.381076 0.0121528 0.03125 
451 0.439236 0.407986 0.0121528 0.0303819 
451 0.434896 0.43316 0.0112847 0.0295139 
451 0.431424 0.459201 0.0130208 0.0321181 
451 0.429688 0.486111 0.0121528 0.0321181 
