451 0.539931 0.251736 0.0303819 0.0407986 
451 0.513889 0.251736 0.0234375 0.0355903 
451 0.489583 0.251736 0.0269097 0.0321181 
451 0.46875 0.251736 0.0147569 0.0286458 
451 0.458333 0.251736 0.0130208 0.0251736 
451 0.454861 0.277778 0.0130208 0.0251736 
451 0.453125 0.303819 0.0130208 0.0286458 
451 0.449653 0.329861 0.0130208 0.0286458 
451 0.446181 0.357639 0.0130208 0.0303819 
451 0.442708 0.381944 0.0130208 0.0321181 
451 0.440972 0.407986 0.0130208 0.0321181 
451 0.435764 0.434028 0.0112847 0.0303819 
451 0.432292 0.460069 0.0130208 0.0321181 
451 0.430556 0.487847 0.0130208 0.0338542 
